1627
1658
1659
1703
1738
1755
1767
1791
1804
1868
1893
1898
1987
1999
2033
2069
2128
2132
2143
2161
2198
2202
2224
2265
2294
2371
2374
2387
2395
2404
2419
2437
2463
2543
2546
2568
2569
2583
2625
2627
2716
2730
2757
2759
2776
2813
2869
2874
2890
2928
2982
3104
3121
3162
3219
3247
3259
3280
3282
3292
3307
3310
3366
3387
3402
3475
3488
3583
3603
3613
3717
3797
3839
3841
3876
3959
4017
4032
4033
4039
4059
4102
4177
4181
4260
4273
4290
4300
4348
4361
4374
4388
4426
4429
4435
4483
4595
4648
4650
4687
4714
4841
4888
4906
4946
4965
5001
5083
5131
5204
5224
5257
5281
5293
5336
5340
5351
5372
5481
5490
5536
5562
5583
5649
5915
5945
6003
6020
6051
6093
6099
6105
6109
6132
6202
6322
6326
6450
6496
6522
6529
6551
6561
6629
6632
6647
6652
6657
6806
6823
6954
6999
7023
7035
7197
7204
7238
7288
7319
7350
7455
7472
7476
7505
7508
7532
7645
7648
7665
7674
7768
7873
7954
7984
8016
8058
8232
8233
8374
8530
8563
8833
8862
8888
8903
9002
9048
9073
9124
9225
9266
9337
9346
9372
9610
9701
9734
9806
9947
9955
10002
10040
10062
10240
10256
10261
10331
10363
10371
10385
10427
10488
10492
10577
10598
10651
10726
10741
10765
10820
10846
10852
11136
11161
11203
11222
11281
11287
11353
11390
11400
11422
11668
11723
11747
11751
11764
11787
11825
11836
11997
12131
12235
12254
12378
12381
12386
12434
12440
12519
12552
12678
12683
12690
12719
12728
12761
13069
13077
13094
13425
13483
13515
13679
13757
13766
13789
13812
13820
13844
13887
13905
13987
14060
14106
14177
14328
14336
14419
14457
14494
14536
14559
14598
14610
14711
14789
14961
15028
15090
15109
15132
15159
15192
15252
15289
15308
15350
15359
15408
15439
15442
15446
15462
15555
15564
15637
15689
15691
15696
15757
15772
15785
15897
15938
15947
16001
16063
16064
16068
16143
16152
16179
16360
16379
16559
16578
16630
16647
16795
16877
16891
16898
16927
16957
17065
17071
17091
17098
17100
17121
17122
17371
17396
17474
17520
17623
17672
17678
17740
17759
17823
17921
18018
18041
18130
18350
18417
18470
18474
18523
18616
18656
18665
18721
18729
18734
18756
18780
18789
18809
18877
18994
19058
19148
19180
19188
19381
19388
19409
19419
19429
19449
19555
19641
19651
19713
19797
19815
19820
19822
19829
19879
19973
20096
20118
20126
20154
20167
20202
20227
20244
20348
20364
20393
20538
20670
20685
20891
20892
20930
20939
21087
21131
21211
21217
21285
21304
21320
21678
21756
21815
21829
21899
21906
21937
22086
22210
22255
22298
22312
22361
22466
22574
22578
22607
22659
22754
22780
22783
106572
106637
106717
106750
106762
106830
106866
106889
106906
106965
107204
107379
107555
107604
107616
107655
107730
107744
107835
107891
107959
108049
108424
108477
108546
108605
108628
108755
108765
108879
108966
109192
109270
109346
109363
109473
109597
109776
109821
109893
110199
110252
110306
110320
110476
110502
110811
110945
111004
111017
111021
111090
111257
111420
111487
111615
111733
111744
111838
111853
111931
111953
111981
112154
112199
112223
112228
112232
112553
112696
112724
112778
112871
112975
112991
113099
113133
113157
113175
113291
113325
113337
113358
113365
113461
113510
113534
113562
113572
113671
113703
114058
114076
114169
114203
114242
114256
114353
114423
114475
114489
114657
114743
114966
115195
115214
115258
115262
115485
115556
115624
115660
115782
115796
115913
116223
116237
116243
116317
116318
116331
116424
116568
116578
116596
116815
116986
116996
117081
117136
117183
117186
117245
117277
117298
117311
117473
117480
117526
117592
117718
117776
117891
117926
118051
118113
118117
118205
118256
118376
118390
118505
118664
118687
118715
118957
118997
119010
119246
119254
119260
119314
119415
119419
119574
119584
119750
119792
119893
119948
119976
120039
120247
120368
120429
120485
120561
120722
120758
120806
120933
121009
121042
121083
121203
121591
121632
121674
121702
121717
121907
121930
122006
122049
122302
122561
122588
122640
122641
122740
122756
122851
123010
123065
123104
123156
123323
123359
123928
123997
124041
124117
124179
124213
124218
124306
124538
124586
124694
124722
124795
124816
124845
124907
125049
125284
125319
125490
125759
125944
126038
126135
126248
126257
126393
126430
126456
126531
126696
126803
126933
127056
127119
127457
127460
127491
127612
127751
127819
127983
128022
128113
128119
128400
128449
128635
128741
128792
128803
128944
129046
129099
129117
129130
129184
129325
129492
129606
129723
129816
130085
130210
130284
130309
130433
130475
130480
130493
130494
130519
130580
130661
130897
130958
130981
131028
131099
131150
131251
131429
131512
131660
131768
132269
132449
132461
132776
132854
132996
133322
133358
133401
133532
133544
133786
133928
133940
134024
134120
134148
134195
134240
134280
134329
134404
134665
134675
134862
134884
134889
134959
135153
135298
135418
135498
135671
135768
135802
135879
135987
136011
136175
136191
136257
136387
136495
136521
136527
136536
136608
136855
136947
137074
137250
137271
137306
137339
137547
137701
137862
137999
138037
138246
138331
138337
138344
138368
138674
138755
138849
138852
138893
139090
139131
139164
139242
139386
139400
139810
139920
139973
140094
140321
140598
140601
140717
140761
141038
141311
141492
141679
141793
141909
141956
142044
142104
142227
142320
142435
142500
142931
142994
143072
143327
143342
143493
143561
143612
143777
143891
144037
144108
144183
144204
144282
144308
144463
144626
144627
144884
144940
144956
144995
145073
145111
145145
145147
145257
145456
145570
145627
145914
145995
146060
146214
146255
146343
146401
146475
146565
146607
146615
146708
146722
146824
146834
146858
146958
147029
147145
147344
147414
147484
147524
147549
147550
147561
147569
147766
147790
147883
148195
148206
148906
148910
148918
149039
149114
149147
149360
149517
149631
149669
149761
149816
150200
150206
150253
150262
150301
150418
150499
150685
150709
150867
151152
151303
151439
151443
151454
151510
151514
151543
151564
151579
151614
151699
151738
151752
151843
151898
151907
151921
151987
152013
152218
152238
152260
152286
152456